IdxCode|Value
1|6291763
2|1912036
3|808535
4|2550255
7|3952751
8|4255881
10|1057337
11|1302225
12|4917488
13|3394511
14|2050668
15|1836124
18|629174
19|240924
20|163961
21|414711
22|398671
23|950909
25|492090
26|310520
27|2518221
28|31262
29|193577
30|2813158
31|3204991
32|1862080
33|2489823
34|2902599
35|75150
36|735716
37|551528
38|639602
39|796113
40|910665
41|831730
42|710949
43|1047731
44|522864
45|177488
46|310311
47|1962149
48|5319423
49|540858
50|31026
55|984993
56|432392
57|764996
58|747908
59|66533
60|50782
61|131050
62|126695
63|126911
64|112247
65|678117
66|1627766
67|93163
